
First 10 data records: 
          objid          ra       dec         u         g         r         i         z  run  rerun  camcol  field     specobjid   class  redshift  plate    mjd  fiberid
0  1.237650e+18  183.531326  0.089693  19.47406  17.04240  15.94699  15.50342  15.22531  752    301       4    267  3.722360e+18    STAR -0.000009   3306  54922      491
1  1.237650e+18  183.598370  0.135285  18.66280  17.21449  16.67637  16.48922  16.39150  752    301       4    267  3.638140e+17    STAR -0.000055    323  51615      541
2  1.237650e+18  183.680207  0.126185  19.38298  18.19169  17.47428  17.08732  16.80125  752    301       4    268  3.232740e+17  GALAXY  0.123111    287  52023      513
3  1.237650e+18  183.870529  0.049911  17.76536  16.60272  16.16116  15.98233  15.90438  752    301       4    269  3.722370e+18    STAR -0.000111   3306  54922      510
4  1.237650e+18  183.883288  0.102557  17.55025  16.26342  16.43869  16.55492  16.61326  752    301       4    269  3.722370e+18    STAR  0.000590   3306  54922      512
5  1.237650e+18  183.847174  0.173694  19.43133  18.46779  18.16451  18.01475  18.04155  752    301       4    269  3.649550e+17    STAR  0.000315    324  51666      594
6  1.237650e+18  183.864379  0.019201  19.38322  17.88995  17.10537  16.66393  16.36955  752    301       4    269  3.232870e+17  GALAXY  0.100242    287  52023      559
7  1.237650e+18  183.900081  0.187473  18.97993  17.84496  17.38022  17.20673  17.07071  752    301       4    269  3.722370e+18    STAR  0.000315   3306  54922      515
8  1.237650e+18  183.924588  0.097246  17.90616  16.97172  16.67541  16.53776  16.47596  752    301       4    270  3.638290e+17    STAR  0.000089    323  51615      595
9  1.237650e+18  183.973498  0.081626  18.67249  17.71375  17.49362  17.28284  17.22644  752    301       4    270  3.243690e+17  GALAXY  0.040508    288  52000      400



Last 10 data records: 
             objid          ra        dec         u         g         r         i         z   run  rerun  camcol  field     specobjid   class  redshift  plate    mjd  fiberid
9990  1.237650e+18  131.115570  51.447136  18.17880  16.71989  16.04004  15.66338  15.38130  1345    301       3    160  5.033570e+17  GALAXY  0.044909    447  51877      290
9991  1.237650e+18  131.113284  51.490710  18.58806  16.61418  15.62407  15.19113  14.83131  1345    301       3    160  5.011930e+17  GALAXY  0.096986    445  51873      609
9992  1.237650e+18  131.202820  51.499011  19.02614  18.13936  17.82697  17.71318  17.71018  1345    301       3    161  8.211260e+18    STAR  0.000315   7293  56741      254
9993  1.237650e+18  131.398915  51.533706  17.79613  16.02621  15.15955  14.71488  14.33840  1345    301       3    161  5.033460e+17  GALAXY  0.055515    447  51877      249
9994  1.237650e+18  131.175791  51.679675  19.52000  18.46195  18.11317  18.02245  17.99046  1345    301       3    161  8.211260e+18    STAR -0.000056   7293  56741      259
9995  1.237650e+18  131.316413  51.539547  18.81777  17.47053  16.91508  16.68305  16.50570  1345    301       3    161  5.033450e+17  GALAXY  0.027583    447  51877      246
9996  1.237650e+18  131.306083  51.671341  18.27255  17.43849  17.07692  16.71661  16.69897  1345    301       3    162  5.033400e+17  GALAXY  0.117772    447  51877      228
9997  1.237650e+18  131.552562  51.666986  18.75818  17.77784  17.51872  17.43302  17.42048  1345    301       3    162  8.222620e+18    STAR -0.000402   7303  57013      622
9998  1.237650e+18  131.477151  51.753068  18.88287  17.91068  17.53152  17.36284  17.13988  1345    301       3    163  5.033400e+17  GALAXY  0.014019    447  51877      229
9999  1.237650e+18  131.665012  51.805307  19.27586  17.37829  16.30542  15.83548  15.50588  1345    301       3    163  5.033410e+17  GALAXY  0.118417    447  51877      233


Unique labels/classes: 
['STAR' 'GALAXY' 'QSO']


Label column details: 
count      10000
unique         3
top       GALAXY
freq        4998
Name: class, dtype: object


Class counts: 
GALAXY    4998
STAR      4152
QSO        850
Name: class, dtype: int64


